-16342
2084
-10049
10117
2786
-659
-4905
12975
10579
8081
-10678
11762
6898
444
-6422
-15892
-13388
-4441
-11556
-10947
16008
-1779
-12481
-16230
-16091
-4001
1038
2333
3335
3512
-10936
5343
-1612
-4845
-14514
3529
9284
9916
652
-6489
12320
7428
14939
13950
1290
-11719
-1242
-8672
11870
-9515
9164
11261
16279
16374
3654
-3524
-7660
-6642
11146
-15605
-4067
-13348
5807
-14541
-16095
13723
-7343
-7441
2881
6265
11063
7422
-493
-9654
7987
-1033
-1377
14718
8010
-12835
3246
-3760
7701
3571
2373
-4543
-11417
-9007
-2452
9925
561
16056
8243
-5060
-10846
5155
-265
-14301
6546
158
