-8080
2443
-2460
3984
7254
-14635
2007
10880
-9240
-9154
15230
-7388
10612
13934
-5966
7037
-6453
-10110
-13205
2483
-5563
5377
11875
-10071
-4858
-11502
-7816
14037
11904
13292
9042
-14513
-3783
11405
8007
10535
13518
-6225
6267
2300
-11975
1016
-180
-3894
-10417
625
-2579
-13820
-9588
-1735
2128
-14877
2067
-8581
6986
8189
12017
-99
-10510
-4327
7586
-1862
4170
-1982
-1834
-16301
-2527
14362
-4235
6977
1335
5745
-4128
3310
1955
-2026
-15750
6085
9074
8941
11623
-7705
15505
10306
1427
4640
11757
-13987
-12042
-1767
7640
2647
-8681
-9521
-3665
-6356
-2865
-5053
9401
-8432
1104
-9868
1619
-13817
-3483
-6262
9034
11440
-4100
1876
-8567
-415
-2335
-5132
-780
5497
-11060
-1575
10387
11762
-6242
8686
12019
15926
-4376
-751
-311
3636
5805
15303
10457
-15182
8041
15918
-6122
-8475
-14511
-6093
-2805
-14785
-10019
1540
10361
-1912
644
-11063
12610
-2512
-9274
911
-7803
-5404
15216
-16252
-10485
-15265
-15588
9834
738
11139
-15369
7750
-11193
5032
-7993
2392
2762
-11212
4396
-14512
-3156
107
-5595
-4929
5772
-3703
-12329
15820
5442
14094
-2934
-16088
-15604
-7846
-14091
-188
14056
-9607
-15941
-15935
-8896
-16064
5685
-6360
-13108
-1383
-9102
7899
-7499
-4837
9852
8523
-5642
6878
1245
14444
-11768
3469
4706
11366
14526
-14148
-4833
-6002
-13458
13948
-16205
-4972
-15535
-15827
-14898
-8707
300
5524
-9488
-12844
3120
11310
6771
1693
-2017
12483
4555
-2421
-2383
-9923
-499
2547
6198
13499
12718
2559
-132
8162
1933
-11353
3315
-11405
1844
-1315
-15089
-16093
7771
11784
-2578
12967
5038
-4684
-8133
-8434
5841
-4984
-6318
-5549
4512
11128
3237
819
7867
9788
14942
4924
-14014
9216
8518
13607
-1571
93
11749
-6809
13568
136
-10005
8450
3693
2249
-10546
-6496
-2566
-14801
-5451
-12831
-15980
8323
-8043
10484
6276
2170
-3431
-7066
9201
-2514
7624
6455
10406
11215
10722
1331
-4586
4246
-6006
-8833
5789
14331
-4182
12147
-13047
-5848
-11500
-15449
-5287
15021
8549
14161
-315
5749
10287
16334
-13058
14841
-15529
-13186
16054
1715
15291
-1323
-11421
14038
-1768
4271
576
-13764
2860
-3868
11413
16288
-12777
15901
1337
-4595
11783
8166
4437
4758
-12780
-8700
9834
-6584
5737
-14840
2454
-12195
-4699
3876
5139
2226
8577
12350
256
15996
-15694
-9149
-14236
5942
-2031
6334
11120
6622
3321
8873
-10748
-9632
16112
5506
14709
-1709
3722
2210
1166
-13341
6027
5835
-9004
-16370
13388
1024
15630
-12012
-4000
-2663
7429
8232
3702
-3946
-14711
1388
9601
4660
-1100
11548
6423
14014
-11661
5385
-3817
678
-5823
-438
-11121
468
-9930
10030
11229
-11970
2369
-7819
11796
1721
-14670
-10049
-8799
-13554
-14597
7492
14382
-9647
-2377
-14650
7622
-8594
14827
-15420
13114
-10235
396
10481
-15420
2424
-9662
5348
-6677
6210
-10132
-1007
-6234
-10102
1380
-3848
-14908
-2313
12804
15516
12939
-2873
-11671
-9417
-4192
10779
-14602
12588
-217
-15723
13980
3133
-4054
-6107
-8615
-15106
-13761
4128
-1537
5257
-9115
7827
10807
-3468
-3280
-11306
-1083
3840
14886
14436
-3058
15763
-13208
-1303
-14633
-7319
14485
-2915
6479
16006
-1045
-14383
-2480
6383
14511
-13113
-10270
15385
11215
-16185
-5631
14498
9671
-5265
-5472
-10689
2753
11851
-13587
16374
7680
12966
-2601
-16243
7294
10655
-8243
9026
-5420
-11649
-15415
3260
-9637
15177
12686
-8126
-13935
-4205
-11986
1323
9150
2453
-50
8341
983
-9856
10669
5978
-350
5905
1379
-5056
-10213
-11931
5223
-12688
10263
4367
3284
-5078
12839
-8088
4205
-8778
-2881
11814
-11042
15518
13207
15920
8517
15130
338
7345
-15120
-12340
3166
-14485
-5272
-13907
13083
335
-3665
-8120
9023
1098
8391
5158
2169
1377
-3725
-3191
3668
16128
15682
5981
14687
-2673
200
-5013
-9333
10823
4911
7376
10196
-4028
-2321
11693
10531
6107
10201
9505
8307
9261
2650
-13196
3635
16124
-8194
-7531
-5396
7870
-6861
-11577
-11484
4848
-944
-15465
10882
10925
2517
4625
-1485
10623
-6668
3379
3723
15989
1873
1442
6128
12662
-13561
1436
-11532
-1324
-533
-15058
-1087
-1756
2836
11943
4282
14670
-3173
1868
10335
1248
-3169
4173
-8591
10920
-1908
13304
7255
13697
-13155
4909
-16191
1389
7072
1810
-5493
-284
13562
-5369
-5404
-15252
12010
-15651
8879
11882
-12526
4418
-12503
-2760
-9165
-3456
2509
-16009
15672
-12440
-139
5799
2422
15496
8897
-13323
-4558
-9819
-8772
1875
3427
-15003
1725
-4402
14778
-1717
7308
1052
13280
8680
3526
-8587
-13057
-14512
3971
13989
4739
-9780
-14539
-1698
-6366
-2354
-13356
-11310
11545
-1494
-15816
-4479
-6727
12162
6342
-13744
-5597
14338
9806
-3108
8528
-1970
12340
269
-10412
8889
7118
3310
6627
12728
-12530
9660
15892
-6506
1121
-7875
-3227
8297
5590
2898
2047
8004
899
8912
-15812
1966
14629
6284
-3225
14931
-10490
1205
10179
-11270
548
-14745
6094
-5705
-113
-16004
16070
-10910
7955
11942
14957
9799
14615
12731
-10230
2591
-15419
10831
-3408
-15808
-15509
-3448
1730
-1776
6689
46
7863
3007
-1363
7170
-741
7222
675
9041
10198
-182
16337
1992
14513
-9418
9433
394
5910
2632
12576
10112
-233
5594
-12313
-7696
-1613
-8828
12984
-5294
10836
16016
11012
-11425
5531
-12370
-14582
14442
-15008
1257
13818
10995
-4619
-12326
14171
-4230
-1877
4124
6570
4753
6040
-6144
3140
821
-14697
-13951
-14202
10078
-8817
-12422
-10702
7893
6137
14102
-4332
10310
13724
3464
-14874
-9066
6299
-6659
13426
13430
1202
11215
5366
3129
-7235
-6916
-13620
6626
13178
-1834
15946
2434
143
-12548
-12312
13249
4815
-9592
1696
8890
11961
-6774
-613
-9972
4161
12470
-10999
3885
724
15193
10833
-9470
14998
-14446
-9366
-2643
-11538
-4418
6536
5031
5700
-9676
3836
782
-3319
-3021
7253
1088
-15880
9496
-3892
4264
-15972
-3884
479
984
-5357
2206
9787
-9512
1041
9445
-10273
-578
4648
15241
-7809
-14465
4934
-6582
-1242
-16379
8063
3457
6688
15490
-10228
11022
-2025
-9725
-14444
14737
5500
1608
6059
9181
15145
2771
16281
-14167
16196
-12737
4188
-6519
4454
16339
-15888
1053
-11780
8535
-6707
10376
-1810
8998
-7502
-2012
-12417
1669
-8799
2421
-16011
14899
13354
1627
-13959
9538
-5139
-4725
-832
5156
15195
2111
-1557
-1015
4028
-6099
16172
2153
13430
438
11179
9948
-116
13921
12328
1330
10085
-7289
-3359
13760
9679
-14000
-5450
-4616
-13245
-8738
13707
4925
-4757
-7993
11758
2549
16353
-15671
1017
-1313
-8646
13753
-8838
678
2115
-1859
-16046
-73
2442
13499
-11749
-3504
-5856
-751
7182
8922
-14690
-14201
-1501
633
2150
-2431
-10631
-1567
16171
13434
-13831
6763
-7500
-10323
-8393
-6808
-13348
-235
-872
7605
4062
4504
14778
-10352
8399
-4992
9232
15017
-10388
-10710
14029
10876
-13802
2306
2564
-14113
5403
-5457
-755
1751
-1993
-15478
-8150
14256
-4773
2645
-7830
-9651
7340
6186
-16178
3260
-11825
-10063
4011
-8691
-10652
-13674
-177
-3483
-10800
-7110
743
11598
11840
12457
-14175
-10671
-11541
14541
-12787
-5177
9111
3297
5065
6124
-8866
551
13405
-971
2226
-1826
-7580
-14620
2207
15983
4589
-14631
12112
-8217
-12000
-3669
-1067
169
5157
4087
-6877
2405
-1983
1016
-10660
-15548
-15806
-8616
-16303
13157
7198
13638
-7098
-13683
-10793
-3639
15349
15642
11681
1876
8917
5945
-7353
-13926
9371
-7847
6859
-11101
5377
-5920
-11699
15136
-11065
284
-4307
-4356
-6152
-12164
9844
6195
-16017
-512
-15248
-12825
-6247
-11538
6047
-6735
-10627
9415
719
-13003
-15623
7033
-1406
8697
9038
10198
-3689
-1161
8415
15941
-1753
7024
-10443
10679
6062
-1916
1095
2781
7019
-10496
3576
-10343
-5111
-7177
226
-4430
8062
1684
-5038
5067
-10700
-9298
16275
-6250
8806
3997
3184
12357
-306
2636
-11532
1601
6269
8592
14964
14623
-4086
-14920
-9264
208
5614
-9114
245
-12521
1583
15773
-602
-10944
-6340
1818
1405
4624
12312
14824
9004
-1032
-1605
-10705
13577
7053
-74
-5811
4810
10813
5141
-15833
-16244
2362
2697
16321
-11493
9403
-8505
-4595
-5779
5988
6699
-6911
-8337
8706
15521
7660
7685
-13444
11461
13066
11339
15623
-3255
15702
-6622
11928
-14953
-15201
-1048
-2145
9144
-2594
8070
6130
3445
5063
688
-13049
4796
-10850
2664
1895
-15547
10316
-9276
-11169
-16012
1458
9714
4089
-894
-10691
-12935
-3285
-10792
4283
-9023
-11699
13755
3181
-8746
8144
-11474
14685
361
1838
13076
13041
14104
13341
8854
-7999
6895
6664
12484
6566
-9170
-12353
-5249
-749
332
-11410
-7274
-2391
11581
-13620
15407
8197
-13839
5012
-13975
-2851
15389
14393
575
3403
1085
7382
-13904
-11672
-3878
-1949
-11492
-7907
-14840
-4561
9714
3894
-460
-9334
1160
-14664
2076
11714
14922
11125
9759
-11182
5399
16093
-11593
9045
3560
-2537
-12732
14913
-6989
-2479
14859
-15663
13199
-5292
-7042
7235
15640
11355
10942
-14652
-1515
8997
4958
9001
10840
10569
1642
-9505
-4890
-12342
-14681
1061
9048
-15125
4125
-10632
9345
-13244
-45
847
593
-746
10458
1801
-6407
15068
-1396
1572
-12976
7202
-9194
2735
6262
13210
8500
13826
-12617
-4243
15420
15020
-1102
719
-11938
12973
-582
3542
3882
9702
-15748
-2164
-4014
-11059
14050
11843
-13646
7013
-4552
-15832
-12403
110
-15218
3611
-7910
-15144
93
-7490
-7873
1918
14189
-6196
-8804
-12015
-1291
10157
15563
7250
3845
-1721
-12058
11909
12577
15382
-3254
-11230
12846
6783
3483
-10803
-6253
-14751
13321
14728
14232
-7186
13521
9256
-15087
5817
-16122
-4347
-447
-6897
4753
-14858
4857
-6773
13175
-7811
5632
-5403
-13734
12606
-12873
8715
4163
2742
-2051
-10637
-11362
12329
1361
-12113
11398
-15396
3894
834
-14781
-1147
3548
-1614
-7663
10240
4348
15838
-2269
-6845
4
10130
5096
1684
9588
-13735
-7027
4858
2440
-2670
707
-6671
-8169
-1338
-3390
-14239
3515
11833
-3698
5585
2098
-10817
-1927
-15912
5636
-1583
6633
-11819
12646
-13088
7003
7904
4703
7401
-3928
-3071
9257
842
-889
-9057
-5670
-14636
14932
14139
5700
9249
13584
-8098
-9447
-4056
-4184
2511
13139
-14066
8826
4618
11474
-14016
-3563
-4114
-2745
-3906
832
1718
11858
14522
4159
-2518
-13081
1377
-7343
15126
2038
-5639
-9603
13308
6731
-3284
-10098
-8698
-9293
-5213
-14499
-8642
-2720
-12585
3918
11009
13710
-8668
10269
-5711
-14745
3104
9947
-11093
-13276
12842
-4813
15737
11894
-15290
-8718
-184
4388
-2264
15047
-2660
16373
3214
3910
-13502
4560
14803
-13005
13703
1826
-9023
-514
-4185
10112
-3416
11658
2696
-7538
1452
-3534
-7000
-2017
1123
13838
-8620
11165
14240
9586
7708
-14676
-13687
-6472
-1661
12042
6384
-192
-10757
5049
14304
2484
5648
-2719
-5003
8593
-6429
3568
1265
10211
474
-9341
-14323
-15024
13974
-11639
-4467
-12969
-11995
-1243
-9449
-6438
12409
-555
1093
7642
8473
-7342
-15111
-15741
-12265
2999
1777
14696
-5566
8420
-1125
8463
15260
2085
-10454
-3920
-7409
5903
-15895
-3014
-4517
4011
-3121
-13929
-3501
10199
11860
-15567
-3255
8168
2180
-11339
12743
11412
-16046
-6377
12160
14352
3118
-13098
133
15989
3034
6017
15548
-13976
-4231
5498
9615
-12550
-6679
-14598
-11295
-2099
-9390
-2731
582
4217
13567
-12417
-14477
10797
-147
12239
-11021
11930
-15710
-4348
3612
-5364
-3904
-6010
2882
-10534
8922
5102
-8918
6401
6150
-10297
9409
4364
10932
-1642
-11506
-6345
12350
-12519
9574
-6189
-2368
5325
12767
11756
-10967
3506
6151
-7894
402
-12206
10709
2805
8655
-6912
8415
-14628
-13756
6494
13262
-11720
-8454
11554
8207
16140
2803
15385
-1076
-12752
-15942
2412
-7141
13487
-195
4130
-9355
-12179
14815
-794
-5015
4109
15050
-2806
-7023
4625
-12158
-12595
15302
16195
4032
7897
-1136
-7084
5757
16144
15072
3780
1357
12936
514
12545
8942
2772
10957
-11821
-8671
12934
4381
-13577
8632
-16143
10115
-9461
12017
15156
-15302
3754
-3582
-6540
14941
-15145
1269
3944
4952
-11617
-11082
-5349
-867
2554
7275
-2835
15768
10227
11011
-4645
-13852
-4600
10002
-7935
-15425
-5420
-15140
-11939
699
13803
8879
-2858
-3401
8966
16247
8317
-8434
12384
16268
-13806
-498
13407
-3122
-15670
-12116
3703
-10508
3919
10869
-8372
-2783
265
-2616
3094
-3656
-2916
2115
4426
8050
-9806
7035
-6025
-8530
-6150
15856
1389
13832
9585
-12224
11941
-9940
8672
-7526
13533
4589
2981
1654
-12797
16273
439
-6013
5972
-8081
-14619
-14623
709
-9795
14942
6033
13218
-3677
14710
-3286
3701
12179
-12633
6093
41
5853
-11818
6234
-16273
-4226
-8744
3044
4961
4409
16181
-11933
-12699
-6934
-16340
15273
9301
4118
-2569
14744
-803
-314
-3248
-12655
-9436
16278
1075
-4305
6062
-6647
-10522
5686
-3711
-6369
13879
9670
14982
9258
14597
-5931
9011
6109
2817
-14116
-5785
-9818
12982
3023
-4459
-5314
-1849
11859
-1755
1150
-11144
11820
9495
-11916
368
-9996
-14358
-10570
8894
-3309
-13380
-4106
5913
-13589
-14926
7383
-7572
3155
-13414
4095
-12142
-6073
-13105
13421
13661
-6947
-3491
7437
-4642
-5765
-13722
4746
1760
-9400
-15675
13156
11446
-8736
14064
-9662
-14281
3148
5411
16009
-4858
15921
-8517
813
-745
11591
2016
10184
9582
3853
-1434
4073
6186
-2372
16373
5294
10179
4985
5992
-11115
10128
7886
-1676
13711
13708
3931
-12150
-12970
-11943
-7223
-6146
9217
-7035
6656
-10648
1238
8205
9882
-6325
-11937
-11489
151
-14348
2752
7972
5458
-1115
1351
11518
14515
-9485
-1467
-14450
-6745
8813
-5092
-134
-7475
-11138
4250
15405
8051
-3435
13701
-8673
-9024
-11902
-11401
-10666
-2254
3364
-15636
-10451
-7092
-8383
-14438
596
14472
-8779
-6655
14360
-13933
-7217
14146
-5148
-16199
11000
12084
8712
12702
-10603
2229
-1350
2352
-2257
-13250
-4518
-5927
-14127
9403
7931
-15879
12466
-2407
-7394
-14957
15892
-4832
-4672
-953
12908
-3581
14232
6784
-11069
-15563
3482
-6930
5212
6911
-5953
14647
16023
7760
-3320
3817
-13291
1364
-8767
1204
2333
12871
-4861
-12842
7487
10892
-9092
5078
13879
9721
370
8309
-9708
10358
-12794
-7198
9369
-9786
6582
11053
-3101
4004
-11482
6910
-14260
15890
-224
-15737
-9328
-15890
10457
-9545
13102
14790
10102
1456
12817
-7955
-9010
8828
-4752
8398
-11918
2299
-14093
-13183
-11797
-15840
7703
15004
-3774
4189
-3373
12620
5318
-9124
892
-10076
-4855
-9744
9190
10036
44
-1717
15308
-802
10588
-1935
-7567
-8219
12701
10477
-8824
4167
-6714
15810
1873
-6835
-12851
13732
-8186
10592
-5819
13672
-12683
-6114
5413
-6470
-11282
-7507
-309
12046
14175
7759
-14271
-11559
-5186
-16073
-15938
-9984
13735
12700
-9104
-15728
-11193
11019
14968
-5455
12664
15873
55
8917
-8915
-4679
-13624
-8395
-10223
-8125
-4147
1918
-3733
-11050
-5521
16327
15429
-11161
6560
15815
-8243
-12166
13219
-443
-14597
9273
4815
-4401
-3212
11203
16272
-8273
-2129
-6714
-9298
-11749
-9130
-11440
-11566
-2388
-2833
2530
-3002
-4078
-6213
11207
-9732
11781
-4898
15011
-16174
-2946
2241
-1969
13844
-7384
-14923
-13852
15938
4369
12505
-12010
-9964
4262
7741
12228
1724
-4130
-1977
10700
12907
2229
7766
6436
9750
13788
5798
-6105
-5254
16303
6004
1580
15966
5479
11106
2653
-3048
9873
-2788
-1849
-942
-3905
-10692
-8787
-8434
5501
-661
13090
-9240
3206
8137
-15145
3739
-14792
-7792
1585
15559
-11706
12788
3742
12530
-8531
7757
12330
-14644
8937
-8073
-9139
3255
2920
11385
-13561
7814
14655
358
6191
7557
10780
385
-13559
-5702
7291
5540
-1002
107
1053
-8221
3376
9185
8886
-16020
10198
12395
6375
-2127
-2620
-15707
875
5322
-14394
4857
-1899
-10476
7887
10855
-1542
9247
-13499
-11134
11883
10951
5792
-3397
-2010
-3936
11059
5346
15180
-12648
11849
-1302
-5994
8407
-16268
-7187
8260
11754
-10206
-12689
343
2337
10865
3559
-1792
-3019
5701
-9860
9816
1070
-14953
14348
9809
3460
-1776
-4750
-9235
7045
12758
-13047
2222
-2314
11686
5484
-14003
-3
-5853
14720
-13649
-8385
7277
15029
-13548
-11707
-6666
-1912
15250
5924
6033
6477
5570
15197
-9780
-4053
14777
-11774
6528
1128
-6087
-10982
-3162
7654
11561
13895
4972
-1298
-12733
-7514
13961
4909
4621
15863
-13363
3068
-3318
-9986
-8196
-15899
4913
-6360
-13092
2914
926
14194
-8563
6375
13448
13447
-7399
5667
8563
12328
-10164
-3964
3494
-559
11206
-6407
-6944
8346
-16050
-14597
5191
4187
13161
-1330
-4191
-9709
555
-13052
-2362
8075
9294
1348
3925
14902
11905
-15799
1703
1372
1282
13613
-4095
4983
-13457
8680
13070
-11554
1754
-14060
-8564
-6752
9755
7923
4933
12467
-7062
-3150
6977
-6578
14893
-3857
314
3987
-12274
4218
15440
-9871
10321
-4008
-15362
10441
-3484
10254
8269
14799
15544
796
-13753
-12620
-1840
-15161
-3921
12674
1432
-9957
-2833
3399
13303
5937
13394
-7563
-1625
-1874
-3725
6793
-14779
-5492
-3594
-277
11940
6941
9333
5909
-7577
-5812
-7491
12792
8143
-9945
9275
7835
6609
12698
13489
-10234
1132
10109
-15571
10334
15161
14802
-8900
1873
13892
9031
10843
14261
-16102
1283
-1106
-6037
10275
11934
1013
-9078
-12238
10097
-13381
-8519
-5029
-8943
13776
989
-14843
6934
10234
245
-13505
12321
11240
6209
-10408
-7139
7271
-7766
-5719
9156
13017
-3490
16054
1381
2274
10171
-138
2789
-7580
6510
-1298
-15099
-11346
-2340
7685
15330
6128
-11327
7571
-16190
11250
10262
1723
3341
262
1849
10619
-11622
-9156
-11704
4481
8492
13780
-5683
320
-15043
11513
8865
9028
1018
-7252
522
-6718
-10098
-10498
1319
13428
5795
1922
-2162
1187
5670
1538
7475
-6266
-13237
14449
13196
5834
-2606
-5343
3570
12146
13960
566
-11957
3809
-11760
-8357
4838
1589
-7709
-12365
-8538
-10281
11414
5650
-6045
13136
604
-6802
-4979
9055
-15669
-8304
1042
8776
-4125
-5105
-4222
-14226
-3508
-1153
7538
-14044
-3361
2790
-4066
12737
-4760
-1169
1618
7922
-8022
4707
2954
-9131
16292
13652
-11432
8771
2067
13980
-15354
-6675
8760
-14842
-11140
-4182
-4645
-9782
8549
11151
8336
9151
-8818
-6079
-9927
-6452
8590
-2041
3276
-16225
-8532
-6109
12375
15266
-1795
-15773
-15295
15659
-13107
3315
9426
9204
9024
-907
-15371
10954
-9671
3155
12349
-7287
-15493
-3756
3367
-8633
-241
6766
-8033
-12080
-11035
13276
-9787
-11693
-11842
-8080
-2832
-166
11080
7465
8435
6655
12171
776
-13920
-1443
-15483
-9440
-5237
-7354
13585
14573
5393
3892
-7154
3814
-1896
2433
1724
-3755
-3049
10202
3433
-1177
12762
14321
-5810
2687
-14721
13682
15028
-15408
-4027
7225
10843
6187
-9338
10946
-3557
14869
4225
10464
-10036
14877
-4515
1714
9572
15725
-10389
-6189
-12961
670
-3412
-4398
-7580
10449
9875
-8990
805
-4869
12555
-9774
-11385
-11904
188
-1985
-16381
-7164
13194
-13816
4171
5501
-8609
6402
3377
-10099
555
6125
15813
-1520
-11735
8103
-66
-6159
12131
-13152
-228
-9663
-648
4238
-12021
4746
13469
3170
13833
9568
-11038
-14726
-14517
570
7863
4376
4957
11648
13486
13587
-4598
-7963
2690
13516
-2181
1527
-15015
15204
7843
16116
-3770
3116
8922
-3616
12306
1629
-10041
2516
-15044
4362
13956
-7527
9022
850
-5379
4726
-8686
-8998
1177
1605
9973
-7557
-5347
9164
13675
-3273
12493
-6581
-15997
10610
-300
10578
-3236
7262
8421
5589
-5144
-10824
-3037
-6782
-13584
-12366
15678
-4014
-10664
3888
10719
14431
9893
11830
327
-6155
-836
-5471
-14285
-2581
9452
3350
-9214
-7116
2863
15417
-14055
-13135
-6995
4127
-8057
12361
4738
-1531
-12059
15420
8641
-11198
-14720
-1612
3257
11898
-10565
7070
8567
10773
15022
-8521
12684
-1297
7443
12266
-4336
-8111
-157
3289
6886
10785
-1476
-11590
-6078
7765
-8954
-4252
14697
-11603
-3882
10409
6584
-12638
-7534
-4633
6376
2458
6231
-6182
-5232
6493
-2537
15028
-2837
9420
-10873
11888
7644
-4399
13624
12643
7471
3474
-7421
-5868
5410
8682
9643
-15027
10788
8985
10686
-13966
-2340
4794
13756
18
365
11510
-5765
-13124
5625
-5896
3274
4116
10852
-8800
12629
-11739
12122
-8580
11209
-6407
-3437
-6924
10296
-16025
-2475
6596
-8770
-6099
-7621
4784
9573
-16065
-3786
6258
-1978
10078
209
2296
6385
-533
9657
10700
-5105
14078
-5764
-300
-15290
-77
5521
-1733
9565
1732
12185
4783
-15711
4445
2788
10445
15495
-11733
4919
11481
-7790
14007
13516
-1101
-2441
7922
1435
-3578
-13952
13072
5080
4291
5422
-13414
-579
-14898
-2526
8127
13961
11511
-1987
11756
7369
-8917
-249
4764
-14890
5611
3405
-16016
8863
-7938
12303
-11134
-7768
-925
4249
-6665
12883
8330
-3601
10195
-12961
-2364
7534
11793
-6482
-11273
689
7924
-5045
2966
3762
15768
13995
-4400
-463
716
3635
-13304
12122
14372
10747
646
13986
-14007
3026
-404
15090
16276
-8830
12523
-8953
7131
13141
-10058
11801
651
-10281
11959
-1606
-4617
1246
-13566
-6398
-9488
11720
-10745
13545
9110
16132
-9717
5620
-915
-2348
-14119
-4332
-14412
15184
2484
-565
13042
4527
9105
10640
-11567
6850
-10365
1141
12591
14529
16247
16135
371
-15798
-15071
4981
-4323
-6489
1334
-5131
15010
10064
-3364
-14236
6262
2736
-12449
10028
1642
-5076
-13787
-2709
2872
3426
-8988
-13742
5212
-13138
14354
-3637
-6618
9459
-11363
2654
-11762
-9576
-2083
14933
10055
-1584
-11577
-16354
4503
2591
-4765
-7694
-9627
6938
5504
180
-16364
3694
4006
-11748
-10353
-15581
9548
1556
11301
1570
-7349
-9374
4504
-5131
7315
-6264
-9104
-2097
1308
5608
-2923
13260
-1760
8748
-2531
7801
-15224
4581
-11165
4503
-348
-3726
13145
1564
-12770
-10204
-5345
-9861
10545
-2144
-5676
-2011
-6634
14980
-6228
4432
12223
13901
8514
14327
13000
-2952
3120
5410
5803
-10521
14814
3943
5939
7047
-9065
2993
-11725
-15568
8930
11072
7543
-8244
-8945
10993
-1797
3516
8464
-14400
-3749
7287
-8054
-13173
1675
10868
9516
11545
-5432
14411
-6336
-11686
11726
-2281
12927
-1040
10316
-10722
3370
-9489
15253
5044
-10922
-13855
14744
-10916
2184
-14834
2322
2865
10625
3578
-9726
8836
14427
2350
-418
-13369
-3883
-8901
15108
-10327
-15636
-11267
9459
-4221
14763
-2275
-8517
11507
-15293
1241
-13774
-11066
5470
8712
617
14620
3249
-4776
12766
1734
-8496
-10277
6387
499
-4281
-6462
-10081
-2548
4326
-15768
-10908
-8996
8284
13970
-14719
244
11528
2037
-15000
8014
9227
-15624
-3726
-13264
12706
-6212
-1070
8019
-13133
5977
12232
-5307
8357
9835
-13545
1036
-13963
14542
15032
-9972
5638
-13659
4048
-6613
-15175
-13663
-16160
-16334
-4546
10624
2875
-16266
4778
723
2238
5049
-823
-15611
-12869
12363
-4171
-4455
9014
-2188
-11609
-4429
12628
1559
-12530
1754
11792
-1905
5342
-10244
-7120
9693
14635
5298
9847
5637
-7434
-13626
797
14261
14919
-6669
-13444
6440
-12932
-12309
-15348
10314
-7968
-11873
4241
15901
-9089
6586
12435
-1701
-13255
3182
8207
11357
9750
-16268
-3988
-7621
-13607
-12978
-4688
16181
-2856
-12592
9204
-16303
2314
-15906
-9962
7750
-414
7799
-12627
-10343
-12453
-11533
-8126
9734
10709
1160
-11843
-7391
-12001
14611
-7651
8253
-6571
-12779
-2452
-2675
2796
-7940
-3854
-13175
4491
3237
2218
10643
12572
8222
13554
14555
-4572
12976
390
8832
11855
14621
-8529
-5640
10832
38
-15944
-9039
12775
12368
10658
-11272
-2493
16104
-9191
-12773
-12661
-4027
-4442
8906
10936
-12467
-4059
-10557
10405
15931
-14726
-11601
-151
1183
5248
326
13540
-347
15426
6330
-11880
-11877
-11922
4947
1722
-13906
4102
6998
-1399
-15116
11097
-4564
11999
-12368
2354
-1344
13830
-10799
15695
16169
10700
3515
-9964
10633
6362
74
-7295
53
-8639
-11756
3426
5398
5974
12783
-2619
-14257
11200
4276
4785
7711
7119
1602
4629
-5111
2320
1989
-14593
-7885
11550
-11464
-2290
-4595
12986
13352
7210
-12494
9502
1467
-4494
16275
-5745
5618
-13706
5586
-2254
-12757
-14425
-12052
-16096
-15126
4876
-10213
1724
7384
-7626
-3589
-443
-10996
4725
14059
3495
-4470
-14260
694
1431
2825
8995
10611
4830
-5894
-9924
-3159
-9739
-7995
-12312
9655
-3885
-14506
1019
5747
11011
-9768
-10627
6418
-5127
5824
4514
15944
-3162
10254
14844
12463
-9910
-15665
-16
12397
10378
8167
-6809
-3566
-11070
-3571
-5179
-6977
-2404
-745
-8673
9101
2018
12920
2985
5676
4496
-2297
1645
1227
46
-2558
14915
9016
4700
9554
-4099
-10423
5551
-8432
4322
15994
-6725
13385
15966
14039
-7823
-8962
4599
-4323
-13652
-5777
6531
-15844
-15354
6298
-7272
-7841
-7952
-2050
12357
4879
-1022
12452
6655
1813
-14449
9568
-13602
1919
-13187
-14763
4618
2085
-13485
15799
-4752
-9844
13204
-9771
-9287
778
9548
-10154
2684
2091
12520
-2366
13490
7508
-14006
-5051
-14997
4006
7197
12464
4800
-7131
-15258
13505
-15095
-3558
2908
-4188
15952
-842
11130
-6727
5637
4087
-13870
3224
-782
9424
6564
12371
7538
-12156
-8657
15867
-13346
851
16071
5989
6985
6744
8488
-11219
10861
-14158
-502
5116
15588
7138
-7178
-14841
-2916
8052
7255
2520
16261
-7198
9940
3409
-12916
-4939
-291
3054
8909
-13843
-8316
-11446
6660
-8029
-1649
-3867
-5307
9965
-12341
-4828
2798
-10494
11683
14233
-2855
-8802
-5136
10373
14294
1960
-2029
15259
-10920
13075
-11966
-6137
-13970
1794
-4065
14767
-12555
-2257
-13169
4025
13325
5773
-2615
9293
-11575
-724
-3923
-15972
555
-15011
-12200
-14303
4943
-7144
15605
-5594
12006
-8038
-9003
-16245
9958
12114
-11325
7363
4224
13310
-13167
15391
14931
12050
-16137
-16305
-11553
6745
-3170
4390
-11460
14558
-12169
2973
523
-8691
10065
8731
8878
12310
-2901
-11789
9396
-5742
11462
4654
-6249
-8599
15615
8076
-6486
-14349
14172
-13883
-7859
7261
-9115
9748
-11421
-2737
-2251
-13578
-11770
-13877
16336
-1744
8313
-167
14263
-10737
4445
5729
13498
6899
2088
-2600
3598
-8689
11988
6686
8095
-10134
13268
11047
6055
-13015
9292
15834
-15744
-2543
13953
-15178
-14153
6472
6287
-3141
4961
11355
5978
7048
-13646
10373
12742
16321
8907
-3025
-5077
-4941
-5420
1459
-2045
4155
4683
9061
998
-9757
6299
-6956
-14407
-6577
6897
-9907
8482
14808
-2997
-2143
-11202
-12682
9170
15144
-15209
14563
-4759
4614
14928
10493
-6010
173
1955
-13971
-3776
7844
8846
-15738
12202
-12154
1736
-7057
10592
-7347
-3078
15493
4447
-4912
-9172
6651
-13798
5515
5757
-14909
-12854
12191
10776
-3662
-3835
16153
-15005
8927
13202
-10377
13690
6988
4988
-3479
-3621
1736
5733
9172
4195
-4333
-739
-12516
13689
15172
-10893
-15965
-11127
15976
-8629
-10611
-11084
6508
-3599
1991
-4667
-3011
-5459
4167
-11929
-11731
13720
917
-2922
1433
1965
-374
3412
1736
-5853
-10921
6301
12823
2811
-7478
-868
12627
6869
-9011
6943
5223
2311
-11728
-6071
-8905
-2832
13736
-9850
715
13194
6679
-16188
12208
9279
1037
-6175
16283
-14338
-2929
95
-16304
-12659
4376
15199
-1598
3617
3294
7629
-16004
6444
14166
-6952
7487
-6538
-11270
3749
-1811
16239
8010
-9404
-3163
-5948
9489
-9757
2096
14640
-13335
-10687
5276
4757
14849
14950
1318
-3765
-2274
14482
9822
1463
-4128
-11917
-7547
3104
15943
2714
-4550
-10561
-9355
-5840
10326
15893
7862
1253
12564
-5246
11709
-14550
-907
12818
-15823
10912
-7198
-5734
-6040
3792
-1261
4
7026
-3044
11313
13543
-7591
13301
-8393
13147
-11609
2383
12446
-501
7209
-686
-1223
-7797
499
3155
14686
-7956
-7004
5890
326
-12146
-15893
-3099
8374
4918
-12982
13573
7135
11616
1562
-2585
4996
8919
-4400
-14915
-10662
-11646
-13954
478
8628
-15231
-611
13428
-10913
7801
2825
-13452
7883
12843
11853
15316
-8340
-9652
6689
-6920
-11680
6544
-5583
-14227
13650
12297
13088
-5671
-1890
6831
-11315
-5326
15030
12608
-5163
14639
4804
-10678
7001
-9220
-4463
-4731
-4095
-16334
1957
3175
9024
3078
13232
6387
3546
-11071
5160
-13614
-2908
-14224
-5836
-15708
4747
8156
3017
11160
984
-4932
-11502
6970
-2381
6186
-5866
9101
-15131
9556
-11627
-13478
-9502
3188
11826
-7993
4102
-15870
-4392
-9685
-11233
15911
5462
14625
-10708
6262
11596
9180
2148
3031
4427
10426
9594
-2365
14904
-8165
6944
11191
7665
-8077
-566
9698
-7885
14494
-5708
-2527
-8004
-7052
-2778
-978
-10836
-4194
6135
-16363
6449
15016
11344
-25
-13469
5718
-4942
-14927
-7827
10556
4922
6575
-8466
-11383
-476
9406
16031
1316
-625
-10480
-12747
14842
11903
-6365
393
4246
1832
15604
246
12018
-1942
7536
-2302
-5748
-14184
10795
-7871
-8003
2941
2388
-6025
2118
-9311
-13847
1021
-13012
14536
-10201
-5018
-12857
12220
5701
8545
-10219
12108
-4767
1761
8788
11925
-5445
-8836
-3633
2176
15649
6673
9208
12428
9898
-8018
-12873
9422
13991
9905
-6910
-16074
-8233
-16339
10414
-10221
16090
-9073
14980
13273
9448
13953
8088
-6622
15043
-1266
6870
2036
-12310
11271
5598
-12478
10768
422
3090
7605
-5940
3954
11244
-4948
-11886
12386
8854
14977
6114
-443
-14924
-8946
-2625
-10143
3972
-8849
10339
15707
8490
-16118
9521
-937
16197
-7219
6891
351
-826
-14409
4901
-16119
2050
-614
-14342
1876
-12794
2847
509
11732
-6102
-3574
4722
-753
2025
15551
15807
15654
-11025
13317
10781
14776
-3724
8715
9875
15619
6345
-14679
-8667
-14772
3120
-7961
-13495
-127
-15887
-3645
-102
13854
2730
7215
5072
-9395
8423
-14758
-11280
-12463
-10510
-8144
-1088
-988
-10515
-3292
6014
863
10525
-8403
-9007
859
-2935
-5874
4096
14230
11716
-549
-13982
-1960
10247
-12359
12054
-8810
15490
12261
-2317
2326
-1036
-13832
-15166
-9260
7802
9321
14507
6821
9636
2643
-15890
-14822
-6962
-15752
2516
10663
-7250
14215
2788
-6652
-12503
-2662
10329
-1324
-5013
8451
-9772
4997
-15818
-13752
16207
7031
-4998
-15508
12626
-8864
-12761
-9616
8553
12783
5439
7450
-8491
431
-15057
2549
4994
7727
15199
-11623
3385
13920
-7672
4908
10007
-5570
1350
9001
-6338
-15950
-402
-7328
9418
2743
10657
11583
-13817
-7491
-9823
-14513
1761
-4278
15844
769
1947
2535
-4377
-6229
964
-7366
5317
3790
14695
-7824
-9208
5530
10371
15838
11455
-14412
8890
9703
-10287
-6346
845
-7392
11920
13816
9032
-12622
14481
9230
-8710
5120
-1092
-14447
14760
1674
2719
419
2179
3857
-13049
-2899
5590
-3075
14034
12267
13188
251
-7937
13355
15282
-11798
14599
13777
-9535
-15112
14960
-16353
13695
-10232
-6497
7603
16286
-2728
-4370
10833
-10651
-3232
-15106
-3613
-3163
-13315
1359
-16194
3311
-12594
-4083
2343
-3324
-11554
-7123
-15850
-14963
11140
4281
9018
-12532
-7032
-12184
-7620
-8941
2439
-7310
-10936
-5964
-871
-1118
7882
9016
8240
-12627
-14731
15123
-10172
8898
-7286
-4840
9901
2402
15447
13802
-6448
15474
-258
14259
-4995
-11889
-2185
10264
2584
14241
-6440
-9620
-15881
12979
-8236
14883
9996
-13822
-13182
-13942
12484
-9133
352
-1866
1582
-12662
408
-5958
1120
2169
-10110
-4322
1047
13302
11369
-4724
8861
-3536
-4462
-11829
4592
-1213
-13190
-11790
13344
-9207
-14752
14549
1529
-14797
3843
-10556
7394
9881
6317
-5515
15365
-2609
-3216
5694
-15184
-2311
-8016
13703
1531
-10016
16354
9856
12204
-4795
14482
-9201
-5033
-5515
-14933
-13299
-6454
-5347
1523
3505
16040
8288
-2603
15436
12371
-5593
-2461
-3529
-3057
-13896
-14949
-4086
6245
-7541
-13335
-15345
-9274
-680
-7442
1527
-13967
-16011
-1664
-1333
7575
6239
14578
13605
13500
-4201
3989
1439
2656
-13137
-15234
-12404
2783
-6236
-1910
5606
15510
16238
14496
-11128
1095
-9002
1334
-1635
2238
14216
-3305
4953
-1611
-3735
-13981
1511
15862
-9174
-16169
-8798
-13121
-738
-14258
4487
13930
840
-3448
-13846
8269
-7239
-3797
-151
14304
4121
-16121
1567
-7907
-1149
-5218
-9958
9261
-7786
484
14862
7744
968
13379
-1718
-1603
-12034
11234
-1556
12699
11098
2343
-14767
9230
-16300
11131
-14128
14439
9997
9805
-856
7221
14559
1881
11062
-9295
-10183
-11734
2412
-9895
6570
-11043
-13954
-5926
827
14889
-2850
4403
-10750
-868
8811
14872
5620
7975
-8986
-14188
-15365
-12579
-12891
-4365
-439
-11784
-117
13279
-1301
-6115
-12745
-2871
4257
-31
-10884
-6261
-15891
-6773
-2799
-8373
-406
-12517
15498
-10078
3679
-5748
-11385
4349
-9068
-13481
12844
11588
4708
-4040
15825
13242
14868
8756
7674
-8923
-9373
-3109
-8823
302
-14750
12235
11314
8714
134
-7819
-11216
-9382
2044
-9436
14390
14416
-7876
-8901
-4695
13588
8929
-15683
-14580
-4250
-3144
-10477
-7492
-13692
12055
14602
4573
2638
9072
-4324
11156
10664
7973
4336
8310
-4064
16286
10788
-7615
2769
13978
14921
-3126
11398
-1598
-2513
13623
-1757
4228
11875
-16274
-16319
-3042
-265
-5682
-13543
13817
11393
14620
-15965
-8135
-11674
-4416
-5377
-15214
-14759
-5839
-13037
11613
-10978
-338
-4234
9451
15508
7983
-14964
-14567
1778
-11621
1011
-11996
11089
-6341
-6882
-7233
5995
-7057
8512
11107
1698
5535
7532
-7449
-13756
-16011
5626
-7088
-6387
-7863
-14292
15338
11245
-4899
-8430
-3688
9740
3659
10154
-920
5644
-11717
-12212
5226
-13682
10329
14149
-10557
1015
-14329
3267
-4099
-14988
-12978
-13327
-16223
14139
8731
-12446
12296
-492
1960
1203
8558
11288
-11208
876
16200
11961
14599
2856
4311
-8701
9345
11510
3582
4386
5298
9214
9553
-9181
-4610
8552
-6034
-9473
10770
3961
-11632
11733
-3302
4095
-8863
2679
-204
14832
-10224
1832
-16347
-9650
13476
676
15180
15437
16272
-12959
7636
15544
-2681
-2027
-7891
11409
-5231
-5256
5052
-14600
-673
11595
6609
15949
13787
-2407
-1318
9369
9732
-195
3799
13098
7673
8868
8206
13694
-941
-15916
-11008
7011
1976
1709
-2405
-2469
1710
-5009
-6479
-6587
2476
12669
-9559
14650
7031
5729
11893
-15690
-13396
3599
-7228
11768
-14440
-15506
8568
-12373
-2736
6164
-14502
15045
-15106
81
-5620
7344
11386
-8080
-13504
9384
282
-12487
8744
-1436
9162
-7749
-14291
2040
13151
-7096
7652
6906
14632
9408
15422
8419
966
12819
-14849
697
9278
13569
-4751
-7189
-16051
-14812
601
-14211
13564
-6863
7210
-6556
10355
-2693
13433
9780
8722
-7240
-14927
5880
14782
-9976
-15864
-9887
-6279
7987
-2383
-14812
8246
6706
12115
-11363
13547
-1294
11707
-328
10215
3924
-13874
15121
-5018
-11400
-12863
11866
-15261
10299
-7540
15102
12461
-11522
8347
7683
10045
10922
6343
9269
967
5616
-5754
14977
-6513
16086
13406
-8801
-2690
8047
1952
11508
13173
-13335
4178
9398
-7711
7630
10349
-15535
8336
9347
5449
7689
16323
-235
2645
10465
-1916
820
-15349
13756
-199
-10880
-12509
-4413
9338
-10492
-12281
-12282
-2016
3072
-8568
-7066
8862
-8212
-13873
-13902
-5995
-5447
-10090
-16368
3234
7002
-9832
-14177
891
-5245
6213
5978
11834
177
2491
-9152
3832
-8598
-14862
10162
11166
3526
8502
-4580
4856
-8658
-1573
-4393
14347
9060
3628
590
6057
5315
-4444
4960
-9150
12745
-8095
-14330
-3075
-12334
-15403
7478
-13049
13606
-11329
-1529
11307
-6858
-12199
-491
-11868
547
-5421
3879
-8145
-6272
1281
-5617
14948
-7591
6481
15058
-13755
10868
-8449
9
-6376
214
-372
15751
-12942
6025
-5524
-15812
-8811
9885
12287
1369
5115
-11667
-11070
-8523
-4045
-14556
5063
7792
15852
11647
3938
-14378
-2992
-9004
-13530
-3194
8083
-4525
527
7379
2251
5516
11521
-8598
4098
-7631
-12943
-7627
-4983
-12515
-12190
2176
-14448
-15722
7572
2651
-6924
-7217
9976
6975
-12712
-5711
3174
-12812
13431
-14629
10130
-16207
-1352
-10520
5181
-11130
8452
-3856
2216
-3081
-44
849
4686
11498
2702
7343
2770
8643
3089
1593
-9929
5581
4494
-11474
-11441
6364
-2149
2464
-11402
5680
-12926
-14215
-10624
-13667
735
3771
13807
-6679
4970
2060
-11671
-9354
9489
625
-15766
9760
-13238
-3750
-9929
873
-5465
8671
6675
-5676
-9302
1097
-5196
16014
-7204
11988
8184
3667
5657
-589
9173
-12912
9006
-2987
-5234
-7227
-14426
-15385
-4307
1582
-13344
6938
-13523
9634
-13723
8998
-9865
-3141
12409
-12785
-10608
-15561
11504
-9690
-6384
-14434
323
11988
4438
-2011
-5917
-2413
-134
6611
2765
6717
7555
13538
10591
393
-6182
-1688
1130
15570
-513
-10441
8584
-997
-12933
-13055
-4432
-2223
-5866
12992
-3321
11215
-8119
852
505
4904
10998
-5778
9353
14112
-681
5038
11493
-14597
6197
5128
10302
4603
-5798
-12692
8918
2852
4168
15014
-3493
14914
6955
-637
-1421
15917
4109
7477
8088
-15284
5705
-11016
-9178
6488
-11198
-13322
11186
14178
-10924
13160
-16226
-2792
3083
4095
14314
14916
-15213
12930
16205
-8811
7024
9144
-7803
4002
-13201
1928
-4885
-2260
-4643
15199
10314
-7517
-5130
13266
-13839
13036
-10080
-8827
-6905
-7326
-7334
1355
-16097
-11493
3439
2958
-12276
13164
-4497
-6414
13815
16303
7391
14901
6063
8771
3888
346
9023
10965
2286
6662
1734
14814
-6086
11050
-13949
1389
-6278
12258
15152
6951
10063
10653
-4719
-15476
5320
15743
-5044
10876
-43
-16125
9979
-3847
-2562
-1563
-16000
3118
13652
5439
16024
5552
-13400
6642
14516
-3835
13820
-9657
7428
-5533
5175
10454
7380
12985
-15075
-11097
-14053
-8972
-387
12440
3153
-16261
13740
10750
-2430
-6917
-5069
12943
4001
-9366
13509
384
9246
10310
1140
-4118
16314
8990
9252
-2958
-13669
-4268
-10689
553
-869
-3551
1194
-12623
6886
-5671
2808
-15454
13252
2673
-3874
7979
-13133
-15554
10471
2045
14009
4607
10089
6244
-776
1822
-6728
9399
8579
-8397
9625
-16141
7280
-10806
2298
-13917
-11985
5478
-11808
-3069
-4582
-5946
-8544
10596
-5556
4454
13906
12754
5559
-6327
14723
-3595
-4239
9718
-13526
-16331
13903
2753
1501
5409
-6219
10315
-11963
6930
8364
4940
-5168
-7925
5429
-13168
15525
13540
4574
3136
477
-5976
15250
-11677
12016
1851
437
-8028
3949
15424
-2447
342
495
-3271
330
16309
-8372
-3600
8185
-2705
-7665
-3561
10615
-11933
8745
-469
-14504
15272
-1821
5534
6490
15057
-7913
-9164
14142
15983
10144
-10066
1238
-3368
15
1702
3168
551
-11873
16314
-11502
-6524
-12180
16364
-9226
12710
14047
-14007
-13064
-4715
13165
10953
-5570
-1355
-8575
11895
-9289
3840
-13130
13009
-3849
14995
4426
-3214
-10430
5484
-15152
-15122
-2586
-1422
-7132
-14338
-6962
-3147
7076
-10275
12629
15352
-11619
14321
-6824
-1683
2820
-15186
1167
5567
-5785
11192
-3043
-10411
-1758
-4281
101
8150
214
14544
-2784
-3096
-1257
16098
-1108
12350
1893
-15794
13223
4049
-6306
-6518
14781
-6291
-9167
-5801
4286
14960
-1962
-606
8436
3279
14717
-12888
-15949
5721
-316
-6050
305
15168
12076
7696
7832
-4651
9294
4168
-5542
-8813
11594
-1807
197
5983
15873
-4932
4823
-1266
7812
7363
12627
10792
11979
-9363
-12780
-11285
4779
-5999
-6238
659
-9726
-14114
4867
-12839
-1739
11386
-10284
5818
9692
10473
4760
12409
-5189
-13775
-11953
6887
3573
16187
-8629
12770
2172
9597
-4801
-2532
-14900
14294
7833
-11490
-8999
-6983
-13039
1676
-5307
3982
-9854
3242
-8233
341
-5895
13855
-14039
-13171
-14068
-13575
-864
10324
-4498
-8462
10657
1743
-15936
15089
11522
-5428
11945
-44
14527
-16218
10536
-6547
9199
15977
7465
-16182
-2314
3895
-937
8378
2043
-12821
-8654
-14452
15261
4859
-6559
-15590
15841
6563
-6839
-9209
-14481
-16320
-6434
14660
-15617
-6150
9145
-8999
-6386
-2139
2156
-8734
6101
1513
-14574
983
9595
-4447
10026
10001
14986
-10366
1957
-1398
3744
-6147
-14531
8933
12647
14438
1801
16046
454
15445
-1202
-15390
9561
11341
16025
-10574
5151
12955
-9462
-636
3187
-8319
-525
-10693
830
10388
2466
12472
-7062
-2205
-1670
12960
14234
2905
-13239
-6048
-744
13029
-5931
-6289
-10482
8151
12472
-6701
-11526
-9458
13678
-5401
-6308
6992
-15443
-677
-1615
889
14580
-3460
165
3032
-10393
-15690
5765
6870
3034
1879
4083
4312
-9684
1429
-5411
-13465
-7210
-5421
10672
-7281
15555
7712
-4408
11140
611
-13567
-5076
12172
-5893
2416
-1160
15896
13119
-14556
-3558
15156
-14302
-10733
1473
-15582
-9491
-15306
-10989
-8126
-9842
-8052
-5985
-10186
5427
4449
-16366
-11198
-9960
-8240
16301
-5895
-7267
-9081
4598
-16106
-2660
-15926
-11858
-4184
-5127
-2373
4100
11634
6011
-10280
2824
1425
-14630
-5947
10338
13663
14105
-11444
2116
-15464
-8683
-10334
-15203
4795
-15521
4587
12432
-3405
-9401
14593
11300
-2633
6201
14961
-8131
3183
9805
-10297
-2357
11608
1305
10508
9025
2921
-3126
10380
3913
8183
-7309
11229
-75
3030
-7260
-4580
-14919
5057
15679
3962
-12200
15355
12167
11767
-3555
-14537
890
-1170
12043
7350
-5791
-2862
9942
-9809
-11099
7863
-4268
4595
-13852
-5356
-3282
977
-11452
11335
10459
-15561
3847
14681
13775
8219
3168
10116
-11793
-13287
-5499
15602
-183
862
-4602
200
-5630
15556
93
3171
1167
9534
-12858
481
13352
-5513
-2735
-13340
8570
6326
-203
2706
413
4101
3431
-11807
-5307
-11118
-1429
7441
3132
15957
-9621
7034
-11504
-13325
4742
14983
-7927
7395
-1430
4355
-10147
-10545
15397
3987
-9561
-1475
-6600
6788
-13418
-5522
-7187
-3897
11234
11398
-12309
1082
8325
8686
-11000
10026
-1497
-15881
4446
13077
-12070
5824
12193
3252
2055
345
10928
10552
-12632
2344
-4247
-1835
-4168
14988
-12094
-9603
1768
-10047
533
-786
-4716
-6396
3004
-12050
-3083
-13065
-4642
-3883
15000
6726
-6776
8525
-16369
11659
2048
-12458
-2330
-15761
10326
12173
-2087
11026
15163
-7507
9283
14510
11542
-15530
-13094
6007
-8619
-16115
12442
8645
14849
-4987
-6145
-4492
6806
6428
4215
7819
-3823
14249
-13289
11805
-7606
-12683
-5747
-13203
-12668
12935
-14250
-171
-2237
-6619
-13007
5609
14174
-16233
-1325
11863
340
-15570
732
-11502
6115
16261
-7414
-3281
13527
13063
-7508
14863
4641
-1103
1114
2622
2344
-13799
16356
8091
15460
-2896
6280
7353
-216
4164
-7320
1926
-4161
-3639
-11717
-1750
-2117
-680
5698
1330
9866
-6536
12157
7150
6730
-14947
15392
-5097
-5410
9966
-9151
1973
-13502
-2485
-557
-12224
-10981
-4977
9431
-4602
12947
-7662
977
-10548
6755
10867
-1927
10168
-11727
-8812
-16204
-10641
11037
12773
-1086
-646
11415
-13338
-13383
-14354
-7821
9959
11058
-16308
-1217
-1262
-13502
1702
16340
-15188
3500
12803
-2773
-12136
-4268
-7931
16242
-3555
-2313
15817
9567
-14871
-998
-1777
11973
9813
-9664
155
-11931
13546
-7072
-2853
8198
7460
11414
8649
-4152
-2953
-3047
-237
-6219
-9328
-10387
-1159
11929
-15139
2778
6007
11027
1103
15132
4901
2541
3167
-6564
13147
-343
-945
-16033
-7656
-3492
-7246
-770
11813
5312
-8402
-42
-4619
900
-3455
-6080
2512
-1050
-15422
-5500
12593
-13692
7145
-8375
-148
-4753
-12142
5712
-11373
7298
-1282
-16030
-8293
11250
8283
2951
12987
-731
12101
12409
-15595
-3640
-2420
10328
15000
5404
-1736
15263
2853
-4208
-15414
4951
3568
14485
9925
6539
12842
-9554
-1427
15867
-291
-570
-12337
-3308
-5097
3015
13057
-2272
-10422
-7320
-7509
15803
5875
11591
8390
3462
-3718
1847
164
9759
-1191
-1573
-10703
592
8321
-5004
10872
2694
-8967
2807
-9879
-13435
-5943
-11677
15577
1371
-9450
14161
2250
9874
2190
6860
15597
1962
8455
356
-12443
-1337
-12190
-16258
-2866
934
-6474
5614
10622
-13355
-13397
-8760
-8182
10020
-16093
-9614
-1780
15447
14624
-15618
-6108
9757
-15646
2999
10813
8262
-11441
7418
-3822
5424
-4968
-5048
10224
8066
-5862
11160
13757
-11235
-4734
754
8249
-6064
-14795
2105
-2940
2123
13295
-5815
6369
-3625
-5207
-958
-5191
10052
-12863
10786
-11293
-12638
6229
-6246
9762
4404
6383
12314
1007
3873
8552
14127
6009
15213
-15354
-15346
-12053
13352
6888
-5263
2285
-5403
7844
7073
11373
12654
-12242
11988
-10849
-330
14844
-2118
-2494
15
3175
-941
-2266
-13667
-9899
-11517
-3861
-16117
13077
-10776
-7669
380
12938
8299
1563
-4155
10380
2837
12877
12249
-373
6565
-9414
9348
2677
3935
10206
-14755
-9766
7590
13796
-6410
14415
-7987
-3292
13397
-2800
7979
12395
4264
11241
-403
-11910
4660
5462
9008
15953
16271
8681
-4400
-1619
-9201
-6932
-12422
207
-10110
4680
-10615
-10113
15391
5029
2319
-5295
6589
-1837
7857
7463
-6845
-14488
8889
14327
15712
-4693
11110
5582
-644
-9039
7046
11285
11246
3526
8775
-9196
6255
-2289
-4789
11444
16078
13165
-16134
-11895
-15898
-7773
-5348
8975
4814
-324
-15449
-5068
6223
16295
12245
12567
-5477
11813
-9350
-11504
-2245
3301
7317
13808
8522
-14612
13605
-13686
12769
-4549
-6338
8818
11474
3500
3931
-3836
-8807
-11746
14582
7592
12431
-12591
-7850
-13483
11361
-7917
-9047
-1708
8129
-2275
4434
8519
-10405
15928
-636
-2455
-4085
-988
15120
10775
6477
6073
-2693
-9840
-9227
5327
1620
2297
14624
1884
11204
-12380
13674
-15908
3431
6545
9313
-15626
858
8757
-14278
9820
-11370
3195
6595
7411
-9860
15369
-13159
12340
-13392
-11324
-7269
-11054
5163
-618
-5730
4252
-4468
-8337
8803
14246
-16209
-7799
-14394
1187
-7807
10737
10039
4246
-15853
-3773
13166
-4694
11501
5300
-8613
-5795
4004
2390
-12452
14820
687
5272
-13901
6859
886
-4596
-10441
7389
5292
11886
2889
11587
14559
12257
-3574
6128
-1203
-15493
-52
2364
-1286
-8188
5318
-11570
11263
11771
-5877
-2112
-15579
5338
-2883
-15362
-78
11676
10365
-3345
-14461
15995
2599
10584
-13989
9214
2492
-14723
6523
-13517
8864
-12151
-909
8505
7430
47
-11209
7170
936
12178
-7307
-16297
8635
12386
-9434
-14051
7458
-12984
-6556
-11306
226
-1403
10363
13931
-13354
-1578
-7870
-7640
-10332
-2662
11180
-2040
11247
-10442
2714
-3533
4558
-9031
14323
1733
-1155
12732
-5641
10193
5203
3981
720
-15194
3316
10380
-8598
12368
-2104
-7468
12933
-11934
-13908
9758
13577
-269
-11545
-16157
-871
12007
-15265
10433
-12438
-9872
5389
6688
-11178
13779
-9298
-9451
-9684
13424
-3909
9607
10571
-9731
-4964
-880
4975
-8174
-10727
-3803
13770
16106
5393
6650
8535
1128
-658
-15712
-8853
7256
1624
5616
-1907
-4616
425
-14419
7047
-3402
-6239
357
-11587
10812
2780
5784
446
4010
-14208
-15331
13593
-3038
2235
-320
-14734
-7542
9069
5424
1748
-3955
-735
10521
-7351
8419
-4030
-15475
14248
15059
-10612
2216
-15441
15094
-14656
-12684
-2479
-16067
-9572
6922
849
8245
4362
-12806
-2288
-3702
8344
-1811
15524
-11317
-12760
11145
-13783
13676
7144
13973
-6308
-12015
-7035
10846
-15770
16138
13980
5209
-14603
-16359
1138
-16375
-5231
9596
-1052
-221
-5842
-1497
6817
15601
4349
-11950
-11626
-7948
13448
-8653
-11606
-15155
-11266
14605
-14420
-16034
1739
-2711
10633
5932
-11668
-4701
-5949
13831
-7294
-6231
4126
10222
-8923
-2304
11933
9005
12922
-16376
7596
1992
16008
128
-2145
-13284
3655
332
-11685
7364
4346
-10890
4691
13242
8895
2676
-5705
10942
9573
11689
-10265
-13060
7037
-13522
15662
11241
-1612
-13871
-10579
-1170
8800
-14242
13973
-1720
16216
-8162
3226
-7249
-4599
-3938
-11612
-15563
-3642
-10063
12743
3058
-8096
-16200
13173
-9762
-777
-9695
4850
-13186
13583
14382
-15607
-14909
-3098
9720
-1026
4143
-16378
7603
-6717
12345
-10474
-15053
12910
-6925
15349
5039
15595
7146
-5366
1222
-18
-9139
10453
-833
-1748
-4782
7882
-15851
-13109
15318
14944
12339
15639
-15548
613
1916
-13706
-585
-10604
-370
3998
8035
-12951
-1848
11781
8497
9268
1546
-8551
-8535
-2707
4027
-1358
-13547
10567
-10479
4421
483
-11129
10380
-9126
13900
-1641
-5948
10944
-14797
-8234
-8603
4607
-2992
-2765
-8840
-882
3469
-4614
14308
-6074
-592
5869
5940
-5865
5947
3479
9114
-15366
4752
-11555
7220
13862
2137
-5162
-15217
15495
-5337
1245
-13462
-4244
-15271
-13596
3772
-14720
14400
-4341
-7944
-9989
5505
2161
13199
-4583
-3142
-14263
-13642
-3636
9576
13361
-8597
8621
264
-9536
-13134
1593
-14980
13918
-16091
3130
7601
12889
-2645
-11645
1919
1589
-3960
-32
8656
-9405
-7274
13645
9733
-3979
4305
-3994
4245
12400
-10215
-3553
15607
-4637
-11724
-587
-1853
14871
7443
997
-11756
2504
15702
3675
9520
7220
14610
-147
11627
-10127
-12335
-1527
7496
5379
-3110
1516
482
-594
-5965
-15339
-2678
2953
10981
-14470
-6734
-15532
1279
-6663
-4086
11787
-2595
5521
6888
16315
-13270
10706
-4883
8341
6948
1426
10214
3137
-4961
5346
10992
15221
-11187
9025
16352
3013
-14276
-7665
-10271
-9795
-7520
13124
-1185
-16083
-3885
3169
-3804
14276
-3174
1447
-7999
13792
-2902
-5753
-3024
-7771
-10901
-10149
15543
-4019
-1285
-11181
-8433
12734
-1162
-13902
-13626
-1438
12405
-6342
226
-8397
-11564
-9500
11719
-2027
953
-14635
6747
7273
-6447
654
14439
-12833
12765
-925
-12735
-14965
-10898
-12498
1448
-10436
8940
-8124
-7697
7945
5085
6568
-7842
11564
5732
5247
-12843
9236
776
-14396
178
-843
8119
3901
7669
-6877
-11253
7854
2722
-4769
-3380
13644
8807
-2448
15541
9588
-3969
6070
123
1181
-4138
-4484
-1013
6028
5742
3020
-7405
-12601
12289
-2937
11973
-6325
-13336
-6219
6872
897
-15813
-8423
-3121
-12177
5178
-504
6781
2859
11243
-7556
-7991
-1386
16133
3173
9135
12614
-9971
-12481
-14713
11204
-12097
489
-3190
7928
11439
-8011
-14958
2785
15152
-10820
16161
-6774
-7819
7028
12965
-3527
-6666
-4732
-6
6377
14869
15318
-13519
-11782
1794
5102
4240
-1496
476
13435
14809
8890
-13543
-212
6352
12795
-8921
15557
-5385
-6162
-12717
-6286
-13668
6974
-5653
-4261
12565
-15756
-7009
11640
-4533
7532
12333
-1881
14709
4874
12862
4348
16166
5929
-7542
-10920
-12150
11476
5187
-2243
6124
-10055
-4431
8416
-2436
6106
-9958
-16000
-4272
11910
-8732
-3081
-15448
-7288
-14083
13199
9334
-1122
1403
-11498
7454
2349
-384
-5579
7034
-7118
1889
11517
14625
-8580
3847
-7741
10729
2073
8853
-5842
-3158
6158
842
3214
-11451
-12981
-11350
1647
-3355
-9251
8152
-1681
-10875
14950
-15033
-14004
7091
-7222
-623
2625
1427
-7892
4263
-1389
-10714
12313
-3541
14951
-1076
-9982
-12774
13782
8712
-13840
-14162
-2749
4228
-13965
-2685
-14356
-1195
5595
-13832
-832
10367
1195
3800
7537
3772
13899
5434
-8247
-11911
12797
12965
-16063
15906
-494
-14216
208
11935
2142
-9591
-5375
-2785
-3351
-1779
11336
13588
6375
440
7574
-12930
-8213
-987
16171
14445
10583
5495
-10836
961
-2025
-191
-8843
-14539
7823
13731
-14288
15260
2257
-3914
14502
-10390
-2284
-15062
12502
5237
15458
14382
-6588
-15619
-10864
-13680
12436
3562
-5005
16166
-14761
5206
6993
8300
15397
15435
1174
-13970
-1556
8910
4808
-2583
6791
-13028
-2883
7597
-5741
-205
10764
8005
-3202
-9324
13249
-550
-9248
12360
15701
13909
-4593
5409
-11811
-4156
7150
16194
-3711
2815
-8443
11745
6960
-10869
12247
5196
7826
-7234
1903
9514
-13762
-10716
7997
8964
-13778
3618
-7392
-9724
-13713
5593
-13884
-6404
12829
16205
1838
-4183
2703
16071
-12907
12346
-6449
-15240
4212
524
-8371
-9890
-547
16312
-2604
876
8720
10831
-2628
-2843
-5812
13284
9314
-13559
-3099
-11445
-10795
8179
-3945
-15071
14802
-3134
-3814
-8692
-2829
12535
-4874
-11708
-9693
-12258
-6503
5715
-10155
-8527
-6489
15641
-3978
-4807
-15983
-2286
-14433
10422
-9367
5852
10640
9025
-8715
16115
3930
4080
5378
7360
-421
-2566
-6918
-11054
-11409
7963
4025
1131
-12699
-15046
15261
-962
-3664
-15542
-3876
6263
2655
-12946
283
-9732
-2992
-2976
3388
9458
-4448
-2029
7543
-14204
5221
11671
-84
13279
-12896
-962
-8201
-895
-13203
13821
-12410
6580
-5507
-12524
11687
-1707
-1338
14577
10021
-11814
-7303
-7086
16341
-10860
5173
11947
6764
11056
11386
16071
-3437
-12412
-6560
5297
-706
-15223
6537
-12075
9017
12707
-5548
-2461
-13821
-9943
-1709
11508
7904
1825
9984
-14992
6186
-8885
16299
1583
8424
8290
9143
606
8866
-5474
-16378
165
-7821
-6275
-5454
13574
-8609
-829
-2050
-11767
13287
1215
7052
13590
8411
-559
-5680
12834
13680
-11479
3524
-15730
-10606
8913
1757
6987
2939
9454
830
-4541
-13947
6211
10797
-9484
12860
-10250
-5437
-11682
-2120
-361
8935
-3552
-9430
14942
12925
6878
-1612
14004
-12582
-14875
-9346
16117
10875
-8686
-1786
-395
-15113
8176
10935
449
-2253
-15072
14014
-8921
4053
-258
-3815
7288
5115
1153
8688
-8180
-2004
14179
9769
-13561
-6769
9346
-457
9947
-8358
-7289
16178
-8178
-9074
6597
6701
-16322
10722
9316
-4668
2402
10236
11710
5620
-10670
14823
12809
-4560
-7030
-2110
14135
14768
11050
-1611
15386
-6643
-7358
-12502
8908
-9205
-6835
-2503
6734
-11595
-5
-6301
-13457
-10064
11316
2436
-13073
1993
-15783
8707
8933
5840
5325
5452
-12962
15785
5044
2944
10823
8096
-8710
-12950
11917
12285
-7273
-4682
14978
-15144
-750
4701
3459
-13265
7236
-3484
7384
-10442
-1441
-9274
-11813
-4114
-6353
-10833
-3236
-4871
7583
13034
15941
14253
-16002
10397
-3718
14439
-5501
15668
-12029
-8926
-8049
9115
-7059
-4536
-4813
-10576
-2963
9671
-6542
2296
3015
15464
-10552
15504
-146
-7843
-6549
5991
-15891
-12264
-5680
-14421
1541
-1948
14705
3201
-2920
-4946
14030
14073
-1594
2723
8881
14145
-4779
4609
10423
2585
6742
7590
-15348
6790
-5627
13038
-7818
-5173
13810
-9413
-7531
8085
1374
-1067
-6551
11382
14824
-8203
-1260
-10092
-4247
10524
7393
-13149
4892
6569
9862
-11504
-2558
-4693
5798
6015
-8572
13812
-12646
-1416
-8869
-5777
11889
-12963
-5715
8371
12853
2720
2168
12247
-2960
-8654
820
4744
14831
4671
-3660
-8614
-5434
13336
6990
12124
7317
1393
-3269
-15633
4617
3532
13376
13528
-11355
-8139
-8306
4755
-14910
-5840
8936
14570
-8236
-10000
-5629
12231
-5904
-567
7986
-1977
-8821
8936
-8381
271
-7547
-14526
9379
13539
-5786
-16182
11721
-10379
-5657
8167
8914
9338
-11084
-6363
15977
-6909
9072
-5333
-534
-4341
10745
-4371
7367
-15540
3310
-12254
-8406
15704
367
-10247
-4132
2532
14884
1031
-10907
-10393
9601
-9340
-15755
-2844
-7864
9400
-14974
-11517
1871
3760
7091
7015
14211
9013
11005
-11716
813
5375
-6260
13839
7540
15909
10340
-11805
-2781
-7464
12104
-2687
7085
3153
-6182
2063
7535
4104
8709
-5916
12084
5927
-13416
-11621
-11010
14910
-4813
-2970
-6652
1336
-4505
13733
4599
-2162
-6887
-10312
-13431
-11078
-3033
-5615
15408
-10001
-689
-15219
9511
9735
10828
-1020
-11849
-835
4417
1311
-332
5660
-1957
-1687
-9398
12599
-846
12969
1786
10523
8305
12400
12511
9986
1079
-1042
15414
-15159
-12355
-503
3613
13220
3512
-1103
-5989
15121
-255
11373
-2335
9226
10483
7994
-4401
-7041
8980
-7786
-5190
7939
-6152
7384
-6547
-13626
11619
7618
-4499
6083
1966
-1447
2178
-7366
-9108
-13836
-10638
-12191
-6067
9108
-5104
-9897
-9150
-10637
-2699
-5031
-10783
4320
4750
-5832
14092
-5815
3031
4874
8397
-614
-15259
-13792
5509
7366
3370
8761
1606
11938
15733
10485
-12419
-12806
13496
-3955
-5932
-14113
10638
12992
-13226
-1218
-5636
8209
-10028
14263
-3849
12079
13192
12971
-2777
181
-4871
9111
-11029
11027
-4834
4257
925
716
-5434
-1935
-9193
13027
-3528
-12734
-906
14735
16150
-967
3870
7478
-4729
-8203
9470
-4711
-14700
-2713
1301
-6835
11219
9188
5428
16234
-6589
-7816
-16378
5511
-9096
8318
-945
-9755
-3080
15213
-9871
-15894
8676
-11531
13620
13521
-4389
-11701
-314
4769
-3557
3521
11009
-6309
2025
12185
15853
-8584
-14540
-6373
3462
2706
-1419
3557
8639
-10910
8153
14211
-10810
11242
13474
-8385
7818
15091
-12342
10298
6779
-12358
-12310
-7236
-12656
12519
8283
-11831
13455
958
-9829
-12299
-375
4505
-16142
-5511
13219
406
-5291
901
2589
-9587
1930
1240
8844
-7867
5005
-12401
2154
9959
307
-8646
7121
-9294
3597
-13003
-14204
14833
-11633
15670
11823
7466
-13199
-15326
7664
6553
-6058
-8155
4373
10204
-12628
8449
-728
14576
-2093
-1114
10537
-14756
-13439
-1020
-6118
12972
-12443
-14051
-9023
3617
10506
12126
10921
5031
-2305
9519
14442
-3577
-15051
-567
-6358
13662
8360
15943
-7324
-6962
3649
-14080
-3352
10355
-5893
-11499
-7133
2969
-5306
-10170
673
12076
-6231
266
13520
111
-2902
11998
9991
-14351
4082
8925
10182
9406
-851
-3439
6464
-14382
-7888
16137
7190
979
-6178
-7637
-10394
1279
-6324
1612
516
-15005
-10845
-9218
4359
4429
2886
-7639
12168
12293
6325
-2978
-7258
1208
13234
4967
1229
15285
-94
7203
-6343
-10276
13621
-8047
-8011
13394
-4791
-10454
2729
-12678
4876
-11148
-6829
-5087
-16031
724
-16299
-3591
3974
3235
3184
-439
4339
11397
-1393
7138
3205
6134
3079
8533
11995
-2010
-2019
4195
15361
-6905
2761
2485
1099
5796
-8007
10446
8324
-16204
9369
-9155
14664
-13201
12690
3607
-8785
-7008
16144
12452
11564
2044
-1591
857
-10060
5554
11771
9222
16162
2115
-6412
-16303
10458
-11628
10200
-1181
-6484
4930
8607
-9247
-10244
4661
2653
-10722
7200
15480
-1594
-14705
-3318
4679
-4367
-3969
4391
15210
-7332
-11005
-5498
13762
3889
-2511
14653
-11742
-15673
-9587
-15607
-3232
-1684
-6972
8756
-15445
2402
-11363
5564
-11234
5415
-468
7345
-9578
8697
8265
-7969
449
-2150
-13504
13485
-136
11601
-12598
10309
-6833
2097
11836
-1547
-8342
3741
-2561
-6699
-10862
-2804
1344
6315
8839
-14326
8168
-13813
-10856
-2176
-9009
-15933
12914
10036
-15316
-13194
-7370
-5997
12881
-7290
4302
-15953
-11627
3127
-10880
9604
-14703
12818
15811
-16001
-12913
136
-13486
-15295
63
-40
11904
416
-2900
-1741
10699
6126
-8593
-6627
-11341
-1410
-222
-4330
10957
1381
-1256
15738
12307
-386
-6581
9382
-1154
10161
7574
-6564
-297
-14732
-16347
5737
-5430
-15215
-8919
-7804
-5572
-12758
10704
15226
10206
4347
-11404
14472
-11774
224
-15853
5640
4270
-14953
-8449
13905
8687
13766
13270
5080
4208
832
-2635
-4197
14411
-892
-12119
16063
3615
1927
1894
7031
-9117
14771
15164
15657
-5382
12591
-4026
15308
-15097
4961
8677
8853
4354
-11087
-1172
5586
12044
11664
2333
4118
4479
-8007
-2731
-1386
970
14007
9731
9427
-11396
-11608
-12706
-8327
3998
-15296
-14120
16007
-11706
-1263
-12979
-14671
-14231
-247
-10367
2563
-5135
4668
-11831
-2106
9231
8163
-10232
-7257
16339
7333
9949
2070
-262
15382
2843
2029
7431
8062
-6790
13138
4757
-7717
5772
5086
235
9513
-6414
1023
-1071
1248
16335
-10854
9634
4543
-14467
-13323
-11869
15048
13951
-4907
8339
-14452
-1865
-4893
-13437
-14424
-4391
15188
4328
7056
-7136
-3895
-2065
-1397
3136
9588
-8688
6655
7579
-3459
742
-9745
-9289
8868
1598
6850
9712
-10713
3182
8262
-8598
7654
-792
9716
15690
-11835
3854
2166
-7130
9810
6472
10342
-14919
-14936
-10668
-5543
13788
-4205
5342
-2020
13746
-6924
1361
10045
-12254
8807
6636
10445
6794
11812
11544
-6555
11697
-733
-7687
12391
11006
13188
-3261
8582
8680
-15315
-7089
-9335
-5714
13237
-14226
331
-15544
641
5245
4615
-10339
556
11961
2514
-6666
6700
12501
-5271
14003
16307
4170
5933
9789
9428
8431
4972
-9157
-7449
9673
10722
777
9262
-7132
-384
4965
4281
-4894
876
2156
646
4116
-4536
4038
-15123
11975
4791
2589
-7365
-8416
-14819
-4141
-13666
5804
12455
-4620
-15551
-12559
12172
-12439
1207
-10167
11410
1647
-5731
-12560
3795
-5560
1659
-6565
10433
-720
10220
-309
-14488
-12653
-1025
14627
-14605
-12931
-5412
-778
-12174
8018
-7509
9445
9434
-12609
6833
-15064
6477
-6416
4540
-16278
10396
-12540
-13374
7898
15883
-1602
4805
-9345
7508
15741
16121
7115
3054
-6034
-13783
1396
8078
-6912
12887
9855
-10769
664
-4189
9118
-9777
13959
366
8379
6458
-5831
-10562
6101
4362
9134
5604
4619
-3665
12590
1885
-2314
300
2361
10231
-6596
-8606
5566
9780
-12446
2449
10637
-12557
15330
-10724
15117
11597
-130
10636
14130
-7746
-15661
11224
170
-2939
7217
-13084
-4265
10061
10922
-15545
-7166
2572
-6295
-6063
-15282
-10452
8518
5453
-3350
-9495
-10601
-6653
6155
-5638
-7864
1153
-12774
11123
10542
-7653
1705
14826
-12136
433
15276
-8232
3879
14128
-16154
-3261
12000
91
-13919
5274
-8320
-9524
-2398
-11039
-11249
15157
92
1805
-8520
2540
-11932
-16206
-296
-14169
9509
-12837
5461
-14972
-299
7225
13105
-180
3240
-7807
13919
7928
-13501
271
10453
10868
-653
-2865
5602
-11100
-13281
15709
-13886
3749
8827
7531
12144
15957
6783
9316
-16197
15893
3480
-13234
15516
2509
7581
12021
6087
15665
-13820
5702
-9344
-14525
-6826
-5127
-6480
-2279
-288
-13197
-15048
-14879
5292
-16150
4485
546
8623
-6966
5220
-16315
-9148
-1449
5912
13395
14553
12948
7083
-9984
1256
11364
-4223
2025
11818
-4368
-13261
-6374
2567
-7352
-1382
-12333
12624
4429
11305
4748
-15312
9166
-384
15414
10848
-2063
-8897
-16188
9115
15317
13848
12010
15442
-8075
13097
-11996
-1376
-7472
-4216
-8197
-10368
12359
-9697
10628
-10178
10822
15034
-11735
-9173
3366
3422
4779
-3435
15954
10205
5992
-13066
-14935
-8793
-6950
8556
-2524
5603
-6815
4457
2489
1982
1090
-5972
13439
4355
-1553
-14224
-3310
-9491
11657
4835
6201
-16071
-12381
10969
-8762
12158
4681
-9278
-834
-5951
8768
-551
4282
-4796
-14960
10911
-13683
-3424
-15552
5512
13863
8723
-1951
-8972
6074
4379
15950
-6304
9243
10308
1585
8414
6250
-5058
-12855
11458
-2827
-8910
-11925
-8289
-8358
-8106
8007
5490
-4116
-6208
-4115
14364
-4520
-13192
-6128
2582
-15991
3792
10121
2400
5832
-3848
-13922
-326
1064
8141
14981
3351
10785
-8718
1572
-10929
6267
-6878
1051
532
-1427
-3644
1284
-12249
-12793
11456
-6919
-6453
10957
-6254
10071
5243
-9307
-8547
-62
-15400
-12301
-2623
-5014
15589
10242
9007
-14964
1654
-8026
-900
-6597
-1050
-7649
6645
-11680
-5367
-2495
-15309
-512
-12703
-5678
8175
6589
-2155
-8908
-13289
2208
15902
2115
9760
-7403
1604
-2687
10399
11063
13385
-1935
6163
5710
-8220
-7360
-3579
3990
-9231
16298
-11692
-10173
-6554
3868
-15670
-5951
5257
-10730
10482
-2240
-12448
-2348
-14802
-14480
-2967
7981
-508
10121
-4468
-12869
-10567
16015
-9394
12860
-6111
4052
4167
-4808
11445
-10306
5334
-3355
-5914
9674
-7149
5447
7345
-10287
2821
-1637
13172
-9589
-2282
-778
-6656
-11439
2243
-13270
751
5927
16024
13033
4408
4857
3164
-6611
256
2341
12937
-12842
-8525
-14278
10751
4501
15444
16127
-2056
-4854
-15087
4536
-449
3881
12059
5284
7069
2274
-76
-12342
12436
3841
-10870
-4106
-9136
4947
11587
-14082
1499
-1782
-11175
-12983
1424
-6046
-472
7826
722
1413
12101
7146
-9730
3756
-3310
4348
7837
9608
3983
-5483
3551
-14368
11123
5220
1349
15227
6780
-7170
-11875
-3776
-15357
13604
-5581
9116
-10285
6985
-5050
13348
-15045
-13233
-5447
3196
10338
10386
-6645
1655
8667
1063
137
8063
-13191
5478
-15678
-1224
-15003
11429
1084
-1696
-1427
6471
-13211
-7430
12959
-8202
16332
-3413
1303
9772
-4719
15460
12821
-2312
4379
14401
4691
-15105
7176
-2895
4245
-12863
7274
13272
-7807
-15843
-11472
-1999
-4687
-10217
3810
-15240
8711
10714
7826
4807
6720
1529
-3825
-14593
-9780
5370
13403
8297
1757
-2027
2399
-4451
-9281
-15047
8158
3491
-15769
1104
-12632
-4775
-12722
4548
-1008
10260
2176
2626
-5473
-4982
-15889
9150
15882
16112
-8178
6071
-13214
-10913
-10341
700
3979
4988
-13892
-8913
-13585
-5800
-2226
-3767
14707
6549
-390
-3490
-10325
10955
5769
6498
7753
2089
15865
-5459
-16164
5472
3792
2299
-15177
14780
11568
14775
1070
9876
1068
-391
-3575
-8987
-15142
-6195
12594
13882
-9303
1334
-11087
-2865
-12299
5746
-9254
7925
-15911
-7680
16069
10680
-1467
